0 0.189941 0.359010 0.256836 0.547455
0 0.433105 0.614168 0.213867 0.713893
0 0.617188 0.596286 0.169922 0.702889
0 0.829102 0.595598 0.238281 0.726272
0 0.189941 0.359010 0.256836 0.547455
0 0.433105 0.614168 0.213867 0.713893
0 0.617188 0.596286 0.169922 0.702889
0 0.829102 0.595598 0.238281 0.726272
0 0.189941 0.359010 0.256836 0.547455
0 0.433105 0.614168 0.213867 0.713893
0 0.617188 0.596286 0.169922 0.702889
0 0.829102 0.595598 0.238281 0.726272
0 0.189941 0.359010 0.256836 0.547455
0 0.433105 0.614168 0.213867 0.713893
0 0.617188 0.596286 0.169922 0.702889
0 0.829102 0.595598 0.238281 0.726272
